,,,,,,,,,,,,,,,,,,,5,,,,,,,,,,,,,,,,,,,,,,,,,,,,,,,,,,,
,,,,,,,,,,,,,,,,,,6,2,,,,,,,,,,,,,,,,,,,,,,,,,,,,,,,,,,,
,,,,,,,,,,,,,,,,,,1,2,4,,,,,2,,,,,,,,,,,,,,,,,,,,,,,,,,,,,
,,,,,,,,,,,,,,,,,,2,1,1,,4,,,1,,,,,,,,,,,,,,,,,,,,,,,,,,,,,
,,,,,,,,,,,,,,,,,8,1,1,1,,1,,,1,,,2,,,,,,,,,,,,,,,,,,,,,,,,,,
,,,,,,,,,,,,,,,,,2,2,4,3,4,2,,4,1,,2,2,,,,,,,,,,,,,,,,,,,,,,,,,,
,,,,,,,,,,,,,4,,,9,1,2,3,1,4,1,6,2,1,2,1,1,,,,,,,,,,,,,,,,,,,,,2,,,,,
,6,6,4,,,6,,,,,,,3,,6,3,4,2,2,1,1,4,2,4,1,3,1,7,4,,2,,,,,,,,,,,,,,,2,1,2,3,,,,,
4,1,2,1,1,11,1,6,,,,,2,3,13,4,2,5,4,2,3,2,1,6,3,1,1,6,2,1,1,1,2,4,6,,,,,,,2,,1,,,2,1,1,1,1,,,,
2,1,2,1,9,1,1,1,4,,,,3,2,1,3,9,3,1,3,2,1,2,1,2,2,5,2,2,1,1,5,4,1,1,,,4,,7,6,2,1,1,4,2,1,1,1,1,6,1,1,2,
2,1,1,1,1,1,3,3,1,1,,5,4,10,1,8,7,3,5,8,21,2,2,4,1,4,4,2,6,22,17,5,3,2,1,9,5,4,10,2,6,8,9,7,2,4,2,1,1,3,3,1,1,1,
2,2,1,3,3,2,1,2,4,9,14,10,9,6,22,10,7,5,7,4,1,2,4,17,23,17,10,2,1,4,7,10,13,15,16,17,19,17,15,13,11,9,7,4,4,2,5,6,7,1,1,10,10,10,3
-
6
10
11
12
6,3
6,1
5,3
2,2,2,2
2,1,2,3
1,6
1,4,2,1
12,2,1
4,2,3,1
4,3,3
2,3,2,3
1,2,5,1
1,1,1
1,1,2,7
2,1,1,1,1,1
1,2,7,1
2,2,2,1,1
4,1,4,2
1,5,2
1,1,1,5,1
1,2,3,1,1
2,1,1,1
2,2,1,2
1,1,2,2,2,3
2,4,2,6,3,2,2
2,13,2,5
2,4,2,3,9,1,2
4,4,2,6,4,3,2,1,1
4,4,2,10,4,2,4,3,2,1
4,4,7,5,4,2,5,9
4,4,5,1,5,5,1,6,2,1
2,4,5,1,4,6,2,3,5,1
2,5,4,1,3,2,1,4,4
2,5,3,1,6,1,1,5,1
2,2,4,3,3,5,3,11
1,4,3,4,1,3,4,4,8
1,3,1,2,4,3,3,6,5
2,1,1,4,4,3,3,6,4,3
1,3,1,1,4,4,3,2,8,2,4
1,4,1,5,3,3,2,8,1,5
2,1,2,5,3,3,2,9,6
1,4,3,5,2,4,2,10,3,3
2,1,4,4,2,4,2,11,3,3
6,4,4,2,4,2,11,3,3
3,5,3,1,1,4,1,13,8
2,11,1,1,4,1,13,3,3
9,2,1,4,1,13,3,3
7,3,5,15
6,3,5,15
5,3,6,15
3,4,22
